Classification Report
============================================================
              precision    recall  f1-score   support

           ا       0.00      0.00      0.00         5
           ب       0.00      0.00      0.00         0
           ت       0.00      0.00      0.00         8
           ث       0.00      0.00      0.00         7
           ج       0.00      0.00      0.00         0
           ح       0.00      0.00      0.00         2
           خ       0.00      0.00      0.00         2
           د       0.00      0.00      0.00         1
           ذ       0.00      0.00      0.00         3
           ر       0.00      0.00      0.00         0
           ز       0.00      0.00      0.00         3
           س       0.00      0.00      0.00         2
           ش       0.00      0.00      0.00         5
           ص       0.17      0.17      0.17         6
           ض       0.00      0.00      0.00         6
           ط       0.00      0.00      0.00         1
           ظ       0.00      0.00      0.00         5
           ع       0.00      0.00      0.00         4
           غ       0.00      0.00      0.00         0
           ف       0.00      0.00      0.00         7
           ق       0.00      0.00      0.00         4
           ك       0.00      0.00      0.00         6
           ل       0.07      0.17      0.10         6
           م       0.00      0.00      0.00         1
           ن       0.00      0.00      0.00         4
           ه       0.00      0.00      0.00         6
           و       0.00      0.00      0.00         3
           ي       0.00      0.00      0.00         3

    accuracy                           0.02       100
   macro avg       0.01      0.01      0.01       100
weighted avg       0.01      0.02      0.02       100
